   2.0000000000000000        2.0000000000000000        6.6477584014598410               12
  0.26000000000000001        2.8798822403921332E-006  0.86033288205477665       0.83441920714010553     
  0.41999999999999998        2.9816655442473291E-006  0.96534225632689818       0.80957910106856712     
  0.60999999999999999        2.9495078029481268E-006  0.98327105920014279       0.79003457185560289     
  0.85000000000000009        3.0974615790517902E-006  0.98653475952798042       0.77855053544176256     
   1.3200000000000001        2.9855365386493378E-006  0.99227164105719179       0.77484253501553380     
   2.0200000000000000        3.2012819038732243E-006  0.98975717288474541       0.78899694076262672     
   2.5000000000000000        3.5831436333471262E-006  0.98517630663771405       0.77408333575852928     
   3.5000000000000000        3.1947792125543694E-006  0.96220524393659745       0.76002672989434328     
   4.4000000000000004        3.6356310358090575E-006  0.92845824878949690       0.71155165302637813     
   8.6999999999999993        3.1298993953954995E-006  0.43688092451695515       0.89027706258417794     
   20.000000000000000        3.7390116325741214E-006  0.42658208071564785       0.71292776895671151     
   324.68000000000006        6.9337495009206221E-009   4.0385727939104617E-002   9.0679354980929578E-004
